0.04428
0.05131
0.05708
0.06691
0.07989
0.08045
0.0821
0.08538
0.08684
0.08923
0.09485
0.09585
0.09811
0.09813
0.09815
0.09815
0.09815
0.09815
0.09815
0.09815
0.09815
0.09815
0.09815
0.09815
0.09815
0.09815
0.09815
0.09815
0.09815
0.09815
0.09852
0.099
0.0992
0.1001
0.10043
0.10264
0.10358
0.10363
0.10425
0.10427
0.10483
0.10546
0.11092
0.11092
0.11092
0.12057
0.12057
0.12057
0.12057
0.12057
0.12218
0.12275
0.12587
0.12666
0.12743
0.12783
0.1279
0.12794
0.12799
0.12805
0.12806
0.12806
0.12806
0.12806
0.12806
0.12806
0.12896
0.12932
0.13088
0.13146
0.13146
0.1408
0.14094
0.14094
0.14471
0.1506
0.15102
0.15102
0.15102
0.15102
0.15102
0.15102
0.15102
0.15102
0.15102
0.15813
0.15813
0.15813
0.15813
0.15813
0.15813
0.15911
0.15917
0.16313
0.16392
0.16395
0.16395
0.16395
0.16395
0.16395
0.16395
0.16395
0.16395
0.16395
0.16496
0.16496
0.16658
0.16699
0.17274
0.17306
0.17306
0.17306
0.17306
0.17306
0.17306
0.17306
0.17306
0.17306
0.17306
0.17306
0.17306
0.17306
0.17306
0.17306
0.17306
0.17306
0.17306
0.17306
0.17306
0.17306
0.17306
0.17306
0.17306
0.17306
0.17306
0.17306
0.17306
0.17306
0.17306
0.17306
0.17306
0.17306
0.17306
0.17306
0.17306
0.17306
0.17306
0.17306
0.17306
0.17306
0.17306
0.17306
0.17306
0.17306
0.17306
0.17306
0.17306
0.17306
0.17306
0.17306
0.17306
0.17306
0.17306
0.17306
0.17306
0.17306
0.17307
0.17371
0.1746
0.17643
0.17981
0.18189
0.18382
0.19094
0.19756
0.19827
0.20047
0.20147
0.20864
0.21411
0.22277
0.22806
0.23429
0.23999
0.25069
0.25172
0.26599
0.27382
0.27547
0.29605
0.31693
0.41733
0.44872
0.6464
0.67366
0.76302
0.78926
0.80539
0.81746
0.88302
0.8922
0.90883
0.92186
0.94834
0.95061
0.95098
0.95113
0.95988
0.9633
0.97379
0.99617
0.99721
0.99728
1
1
1
1
1
1
1
1
